10,213
10,173
10,35
10,83
10,241
10,137
10,259
10,297
11,17
8,12
8,7
53,5
53,4
53,3
53,2
53,1
53,0
50,2
50,0
48,4
48,3
48,2
48,1
48,0
47,3
47,2
47,1
47,0
20,3
20,2
20,1
19,3
19,2
19,1
12,3
12,2
12,1
11,27
11,25
11,21
11,15
11,13
11,11
11,9
11,7
11,5
11,3
11,2
11,1
10,311
10,287
10,263
10,249
10,237
10,219
10,209
10,189
10,187
10,167
10,131
10,105
10,101
10,93
10,9
10,3
10,2
10,1
9,7
9,5
18,1
9,3
18,3
9,2
9,1
8,17
8,16
8,15
8,13
8,11
8,9
8,8
8,6
2,2
8,5
2,1
8,4
2,3
50,3
8,3
8,2
50,5
50,1
8,1
3,3
3,2
3,1
50,4
0,273
0,270
13,1
13,3
14,1
14,3
0,0
0,9
58,34
58,33
